44.076302068777
44.082161507648
44.093628139876
44.095880774381
44.108516490898
44.110917657516
63.006165242209
63.026188472216
63.042242540492
63.046111642976
63.078494566955
63.086859595138
91.051286389441
91.054599956807
91.058880051977
91.062774047672
91.084715241365
91.087334292216
93.746527626166
93.753869734465
93.763930230720
93.776753639694
93.821442701119
93.833708907604
95.311400655510
95.329010487647
95.375866426747
95.383462983348
95.405667059685
95.409202833381
103.96349385531
103.96700519874
103.98198754778
103.99500051107
104.02786651111
104.05390885688
105.44264581930
105.44905810747
105.45779654146
105.46052483518
105.47426087603
105.47891170264
108.80652422385
108.80772229259
108.82328981742
108.82443253841
108.83465340159
108.83831614063
115.70666701449
115.72185208607
115.79765038805
115.80294612983
115.85118004743
115.86604448114
121.34081335005
121.34362615981
121.36434538651
121.36564876096
121.36696248833
121.36748270650
126.94518166932
126.96414679577
127.00557576182
127.01991467508
127.04696238380
127.05631148541
130.03283224066
130.03786197276
130.04529925264
130.04857010547
130.05585463982
130.06847436551
169.79414854932
169.80561010277
177.39626138429
177.39636403564
177.39856862878
177.40100025584
177.41579793990
177.41719270664
186.77704003458
186.77722603356
186.78897331236
186.78944124189
186.81619269829
186.81671669026
191.65768689310
191.65803001095
191.66115268225
191.66137600594
191.66417255217
191.66453910353
195.50035987080
195.50125965513
195.51518896395
195.51634327522
 195.5195247941
 195.5211718305
 202.4418574257
 202.4419934089
 202.4479506212
 202.4485985943
 202.4514788313
 202.4517313495
 206.7543733417
 206.7550164995
 206.7693970267
 206.7700406307
 206.7748566845
 206.7750619008
 210.7937625338
 210.7943355402
 210.7972377490
 210.7983941214
 210.8219255468
 210.8228571907
 212.6308340043
 212.6311593021
 212.6475965835
 212.6483316476
 212.6593864101
 212.6605147077
 215.1125827971
 215.1130106691
 215.1261929701
 215.1267311564
 215.1651564050
 215.1655479996
 215.6016536037
 215.6020394804
 215.6267031883
 215.6277330229
 215.6300578012
 215.6304969436
 221.9302552571
 221.9303915061
 221.9713244209
 221.9718183481
 221.9805802901
 221.9825756993
 221.9861528148
 221.9879420664
 222.0035822637
 222.0049766148
 222.0057224942
 222.0058458951
 237.7150093190
 237.7191159679
 237.7204891165
 237.7233936988
 237.7323257836
 237.7368033855
 240.8565014364
 240.8614142248
 240.8676308888
 240.8687168600
 240.8702093068
 240.8728623084
 241.8692043771
 241.8824151267
 242.6345721505
 242.6374420179
 242.6504593657
 242.6523969473
 242.6878135477
 242.6889480575
 243.3908605730
 246.4608685340
 246.4648746285
 246.4654728037
 246.4703720870
 246.4727890030
 246.4773238608
 251.9099103909
 251.9113763210
 251.9315964519
 251.9327785017
 251.9354945542
 251.9365900484
 255.7835864434
 255.7853275382
 255.8183609041
 255.8193456329
 255.8290431097
 255.8319238788
 257.6347645963
 257.6351841848
 257.6545867634
 257.6553664639
 257.6575627479
 257.6597194512
 258.0699533219
 258.0726746451
 258.0963431225
 258.0980570465
 258.0987959093
 258.1000037834
 258.8059848906
 258.8073019983
 258.8179166337
 258.8184008079
 258.8466312148
 258.8485431825
 261.2479109366
 261.2525727429
 261.2860737997
 261.2892590342
 261.2954249995
 261.2998419819
 261.3804188196
 261.3830713558
 261.3860208460
 261.3874965106
 261.4014477248
 261.4026870694
 284.8940685928
 284.8945598802
 284.8985520143
 284.8996478969
 284.9008345071
 284.9017665080
 303.3261319861
