38.954256766590
39.024390608048
43.237981295789
44.077370567623
44.093601850183
44.097613731916
49.609925266976
49.651562634574
62.682846512722
62.704372521195
62.987917134346
63.371207518769
63.874612180779
63.907307388180
87.653214112321
91.088236117901
91.201494857578
91.208961954477
91.865128849125
91.867065033742
92.786831572186
93.781086775839
93.794347354493
93.837698190516
93.909882330465
94.248776511502
94.257309454109
95.302642674550
95.374204361354
95.420972696819
96.287241105483
96.319371919224
96.654734304904
103.28223176099
103.32941770600
104.23368193927
104.26437729802
104.60374698763
105.10180326163
105.12124979305
105.37820128204
105.64013000450
105.91567093680
105.92546167301
107.21565238671
108.80819777933
108.82600490406
108.98445891845
110.45956076418
110.46967058721
113.46978551252
115.40309809998
115.47637342705
115.67648932470
115.73431403487
116.18967044371
120.86511452020
121.25581795913
121.42388123028
121.42718820899
124.19892821983
124.20186397547
124.32873372554
126.43528004117
126.48908319018
126.99179837950
127.05864516879
127.09013246982
129.76140111766
129.81864730662
129.83530898671
130.11784297745
130.65137118487
130.65580147831
167.38879196243
169.64222277461
169.65166756466
176.95293875726
177.13495236679
177.14679077806
177.53580677779
177.63299505763
177.64304526893
186.51583565232
186.76920204506
186.79054066347
186.84528906126
187.18518217592
187.20838022768
191.20888790873
191.52791401985
191.56374708712
191.56685425347
192.18930092122
192.19418575157
195.29665859144
 195.3691180166
 195.3828503557
 195.6565641507
 196.1021111156
 196.1154832600
 202.0628650567
 202.0674609316
 202.5554905323
 202.5643590201
 203.5597055150
 203.8124780737
 206.4992471046
 206.5094023788
 206.7180078093
 207.3784066138
 207.3893232429
 208.0580640193
 210.5831073951
 210.5839869213
 210.9751054704
 210.9788992268
 211.5075726927
 211.5819230490
 212.3594509498
 212.7781650642
 212.7975931313
 213.4860367294
 213.5019614908
 213.5942095345
 214.5285249755
 214.5521823999
 214.8295813197
 215.2883278967
 215.3070922762
 215.4283682435
 215.6932867686
 215.7053411157
 215.7732785538
 217.6339223877
 217.6493623758
 218.4693920368
 221.2820082726
 221.3023020493
 221.3611537037
 221.6814370949
 221.6986016595
 222.0156491220
 222.0423689597
 222.1575485288
 222.2009784473
 225.9245503206
 225.9441927256
 234.1229335168
 236.6529095403
 237.2038012585
 237.4648949176
 237.4722499746
 237.8654078690
 237.8738124612
 239.5204743028
 240.4380404887
 240.4467507918
 240.9798402803
 241.1304871171
 241.1353686633
 241.5846722478
 241.6024018218
 242.1935187823
 242.2295647480
 242.2432168480
 242.2918536695
 243.7947265417
 243.8076229751
 245.0180033156
 246.2961339745
 246.3025571997
 246.3850075373
 246.5458708234
 247.6655385143
 247.6812133604
 251.4648470759
 251.4778022402
 251.4813135891
 251.6611516907
 252.0850366249
 252.0992273892
 255.3547748032
 255.3790873800
 255.6264404130
 255.9107600210
 255.9336884282
 256.1320764972
 256.2474018997
 257.0813625011
 257.4360469001
 257.4514425169
 257.6729390345
 257.6837487030
 257.7014638169
 257.8723965513
 257.8881237927
 258.1281713294
 258.1446810260
 258.5021099914
 258.8585518647
 258.8757340552
 258.9635690383
 259.7174644191
 259.7395905584
 260.0912580961
 260.6634819831
 260.6729349016
 260.8547457180
 261.0258670813
 261.2081103865
 261.2303938566
 261.3238051309
 261.6737900110
 261.6933673905
 261.9742944092
 261.9887164428
 281.6811458896
 284.5345943191
 284.5361702406
 284.7761376299
 284.8673263396
 284.8698032292
 302.3113686019
 346.9551886446
