10.9304350580714
20.2032335060093
44.0834812016479
44.3232040853665
46.5990210772820
46.8368067441154
47.5834102088731
48.4370033948158
57.4252141105687
58.8185129457899
62.8658176676454
63.3660296058479
64.2492750596946
69.6148696215496
80.1432632144801
81.0434101942956
84.1450411480657
86.5869494832846
87.6770163483300
88.4865295214578
90.9843711188053
91.3972842922591
91.8952856507155
92.1826368779050
92.6689368840610
93.6325985408820
93.7272575705127
94.0740926667208
94.4104733765169
95.4813846810055
96.0259784280572
96.3981076924000
98.6689440864328
99.8321359734542
99.9915218521144
100.027486966774
101.799626667780
102.208874020387
102.760530758199
102.845812373079
103.658555249857
103.856833846488
104.252022998596
105.739957633212
106.443731876504
108.156709782589
108.426043403148
109.070444231249
110.134109099619
110.581568107142
110.876399065318
110.999603715389
112.346007575801
113.861014758530
114.456843493343
115.204129167699
115.746915015591
118.673809552409
119.453662380471
120.583917661813
120.885860941291
121.045298994829
121.265738549880
122.481873407765
122.847222854446
123.905798501728
124.770529451349
125.900496300141
126.928967968842
127.239266822401
127.483453992380
127.860941797932
130.706263934882
132.267699455916
140.767593295789
144.605514825858
149.949838710261
158.219960073947
158.275744302335
164.241934720242
164.829324989149
165.143941273687
167.496815901685
167.683418223180
169.732250657328
171.964253150050
172.599055741201
175.023934582227
175.718385171270
176.498648122057
176.727715892151
177.932583253242
179.379754704805
179.779926378169
180.444113083192
181.154918263992
 182.69540911013
 183.81548042464
 184.17237916754
 184.60201171160
 185.56637573352
 185.56878008103
 186.60017478085
 189.02386443530
 189.29777563588
 190.34291359321
 191.12067254674
 192.62192046803
 193.44070294910
 193.61415199302
 194.52782627747
 195.26865116133
 195.66827139552
 196.91805137789
 197.11072643450
 197.98061754409
 198.30158734395
 198.90217495635
 200.01105837639
 200.11160524267
 200.97408810507
 201.67982477346
 202.01596266911
 202.38761891097
 202.46817648697
 202.66001631089
 203.08900904830
 203.10471797894
 204.14649479963
 204.31239808528
 204.47334494387
 205.00322190530
 206.19023863659
 206.27918092488
 206.78845940819
 207.21694026786
 207.46913702486
 208.04507249595
 208.18197469066
 208.69343607513
 209.68839539234
 209.73912456478
 211.28427839475
 211.48118647062
 211.78689677412
 212.33154654169
 212.76741145281
 213.47801987612
 213.68964608268
 216.85368873162
 218.14336664013
 219.58829630677
 219.70663567364
 221.29968758000
 222.56804855121
 222.75498682678
 223.06751856556
 224.58380859135
 225.10334735514
 225.20009658985
 225.66438608959
 225.95771284088
 226.35748166185
 227.48360983411
 227.68022888037
 227.93921985302
 228.15925047697
 228.51760197044
 228.80107123773
 229.72311666509
 229.80718347513
 230.95750908743
 231.14127539536
 231.57958332646
 232.28903583516
 232.74581596421
 233.21342193429
 234.71302612795
 235.39630560653
 236.45969547112
 236.49807086995
 236.80110925262
 237.77247905858
 237.80054651150
 238.51690528875
 238.97354428796
 239.10719104201
 239.25655312905
 239.48960394671
 239.54378908346
 240.60233791544
 240.87998851102
 241.40089652509
 241.64469501875
 242.04874176713
 242.19888618427
 242.25130990907
 242.88003075108
 242.95714221934
 243.20322063641
 243.34391977814
 243.75040299537
 243.90461367087
 243.99728033696
 244.31058161579
 244.47526823460
 244.61976733214
 244.65620247721
 245.01642162106
 245.18918283785
 245.25794607498
 246.88899824239
 254.77389982275
 264.56409062597
 266.32839904547
 267.98836151236
 268.14595538898
 269.14096854643
 284.00179483983
