43.24684567037
43.26084191013
43.50087363837
43.50134752155
43.96101260541
44.70499572575
59.86320876065
60.66208848208
60.68940138358
62.97202595940
62.98124483849
63.16066841858
86.51551663653
86.53008246679
86.68889163853
89.57920419808
89.58755105678
89.90954369477
91.52654797978
91.55012308660
92.50467384369
92.67184773150
92.70288401315
93.12344733379
93.36940181858
93.40288023576
94.42883248028
94.45901326483
94.88467227256
95.95950479832
100.8724641169
100.8785605861
102.2518183743
102.2789729521
102.5095912518
104.4291085018
104.6119270340
104.6288818571
105.0696707136
105.5506090650
105.5640157322
107.5291355815
107.5414192687
107.5480555647
107.9194961260
107.9326773001
110.1812226678
110.8080936024
114.0012244488
114.0428034175
115.1098052081
115.1752031996
115.4353459828
118.6150018883
119.4809350137
119.5101534032
120.6291775890
120.6331178138
121.2665167412
121.3823278335
125.0804411917
126.3624259293
126.4216931191
127.5685247868
127.8644504113
127.9095426172
127.9251979283
128.8613314317
129.9604321081
129.9730907540
130.4192201557
130.4328716551
168.8782401136
168.8887161183
174.7354661581
175.1884266578
175.1951128326
175.7318756743
176.9946200089
177.0092402893
181.1752438887
184.4711340218
184.4834729724
185.5805967542
186.6338472504
186.6467529245
187.8681900069
187.8764833973
190.0669507588
190.5249122399
191.7992734611
191.8025779915
192.7152468452
194.6790876199
194.6849526483
194.9358842101
 194.947642897
 195.596982298
 200.085558967
 200.086771377
 200.789462334
 202.580279640
 202.926004727
 202.931529542
 204.291140245
 205.886132035
 205.889331487
 206.334922739
 206.344352138
 206.348213790
 209.202019897
 209.774132528
 210.088781710
 210.100367216
 210.793149770
 210.800764572
 211.261123030
 211.279030530
 211.357314360
 211.932420675
 212.376589070
 212.531916366
 212.543764742
 212.655603452
 212.667294833
 214.141807088
 214.156502027
 215.225963828
 215.752530476
 215.757019708
 215.803097231
 218.099621950
 218.113187143
 218.277893678
 218.979883720
 219.001331706
 220.508101122
 220.530421927
 220.550305456
 221.015398480
 221.037661259
 221.672676971
 224.109259980
 232.770990955
 232.773006627
 232.813591179
 233.026136815
 233.044289194
 233.821584467
 234.544557186
 236.980579685
 236.988339540
 237.399988562
 237.408421399
 238.642093174
 238.938364938
 238.944865868
 238.962011741
 240.786813584
 240.795481991
 240.954559428
 241.212521965
 241.227041052
 241.523246570
 242.868430023
 242.873127624
 244.480452177
 244.481338977
 244.967286640
 245.261793216
 245.326592035
 249.804294226
 249.805947424
 250.597328347
 250.782833444
 250.790525305
 251.913770779
 253.760503464
 253.877697554
 253.891972360
 254.951459831
 254.954503084
 255.466394538
 255.854998405
 255.856144578
 256.075189099
 256.095997440
 256.332024119
 256.763074431
 256.777639737
 257.334531816
 257.552712271
 257.557239486
 257.859382551
 258.105480792
 258.120972809
 259.253127713
 259.257877501
 259.280009021
 259.478683127
 259.854304297
 259.905455683
 259.986227832
 260.014182221
 260.493664567
 260.504739632
 261.323122334
 262.688395152
 262.705362409
 263.198315148
 263.201583202
 264.372489586
 283.836401135
 283.840832313
 283.844223744
 284.127848504
 284.133418690
 284.530012685
 301.889789785
