42.80424826711
42.81407736408
43.27725369981
43.28864123656
43.80871535290
45.17552588681
56.75611507680
58.37229263600
58.38147398325
63.12059534012
63.15639097859
63.17402283594
84.74240473615
87.40589944772
87.41354210741
88.54896147546
88.55430708315
88.63292649109
90.10395572971
90.12079743536
90.65398660364
90.66764480254
91.36391346038
92.06919332947
92.09274295200
92.69077796366
94.20617506521
94.71165470759
94.74214827659
96.46576496191
99.97747055077
99.99025878373
103.1349573647
103.1652478438
103.1924505887
103.9518425073
104.5404333559
104.5539515109
104.9601259572
104.9804794707
105.6989219358
106.4763673816
106.4893787958
108.2430254735
108.2554067918
111.0909047752
111.5900383149
112.6369561179
113.2758690275
113.3304995954
116.7482922214
116.8293315101
117.9813955313
117.9880491744
119.3206162089
119.8770482526
119.8812131097
120.5950520257
121.6254566579
124.6268236941
124.7874785567
124.8244350995
127.5292189329
128.2597817161
129.5265641183
129.5531344577
131.0246980225
132.1308998885
132.1397692082
137.4688230745
137.4952369208
150.8560788604
167.1756719302
167.1840651082
169.6159659061
170.5021611428
170.5070701370
173.7433995810
175.6119339305
175.6245695065
177.7678788402
181.8351045171
181.8443398888
184.1470283756
184.9439103086
184.9570545081
186.0532812261
186.5025828501
186.5108472218
189.0867772932
190.3330666180
190.3369181202
192.7222825148
193.4724239606
193.4740067094
194.7188669709
 194.729170228
 195.919885480
 199.002176609
 199.003175583
 200.004388470
 201.599473418
 202.558547158
 202.978317598
 202.984747840
 204.471029873
 204.473573538
 204.525368599
 204.526858728
 204.748759249
 204.808252081
 206.446303242
 206.454786492
 207.129782767
 207.131065964
 210.189021161
 210.509872064
 210.707699335
 210.725251196
 211.211661595
 211.218268777
 211.525586293
 212.012805597
 213.195951995
 213.200267963
 214.016588428
 214.020827057
 214.883717565
 215.153627068
 215.309497706
 215.315690739
 216.088668873
 216.091083201
 218.176122874
 219.511379675
 219.541097465
 220.191219319
 220.211655603
 221.280343500
 223.053622144
 224.255625154
 224.286245452
 225.530117391
 225.628069177
 228.470151794
 228.502420278
 230.021107841
 234.548842472
 234.553290394
 235.276500983
 235.283893004
 236.392989754
 236.475221552
 236.476956570
 237.086523033
 237.277750090
 239.151244616
 239.769188625
 239.780501826
 240.738820003
 240.748632507
 241.336980502
 241.510061125
 241.513579190
 243.188291359
 243.193200722
 243.757977334
 244.094081046
 244.187256661
 245.109628005
 245.118545811
 246.689365151
 246.690700921
 248.899126430
 251.294000344
 251.571933185
 251.588661281
 253.615813314
 253.626586937
 253.734308189
 254.185383458
 254.195442660
 254.973363678
 255.865974038
 255.876046331
 255.893053608
 256.447958901
 256.790214067
 256.800974587
 257.016834441
 257.029165627
 257.183089173
 257.188754681
 257.574687582
 257.838917531
 259.084464397
 259.415770892
 259.459214605
 259.464120653
 259.545110032
 259.568762331
 260.125133992
 260.126351567
 261.235542509
 261.928497901
 262.954963845
 262.960085033
 264.916941478
 264.933099827
 277.067720985
 282.733709716
 282.736183082
 284.118858156
 284.165779132
 284.169678170
 300.027381742
