43.601294514276
43.669442834497
43.743274161672
44.265209330294
44.380396031032
45.317505097496
57.333364321136
58.781591130394
60.368144034210
62.119312848748
62.823212229330
63.402486716795
83.067247366752
83.651554860169
85.377497459022
85.847450542545
86.817134658752
86.976140328396
90.579528057539
91.083897044308
91.206259772960
91.425511106947
91.823811355205
91.946196888371
92.138816850040
92.453935513319
93.430295398253
93.490529181913
94.189680539352
94.423154458713
97.816194325648
98.492007931167
100.46037905939
100.75325186045
101.79132522521
102.28570313557
103.23693718353
104.04616012475
104.48553774380
104.83716249167
105.35825431771
105.84020208840
106.07399898133
106.97569060459
107.32466749604
108.06600214793
109.98950598652
110.72432684703
112.72291125157
113.53342284388
113.66273528387
114.33330060490
115.99773543616
117.49421110716
118.34812795532
118.81505390065
119.70249737520
120.73111923477
122.44668838082
123.03458370351
123.78351728186
124.19618936806
125.62383088407
126.09767868328
126.57300878777
127.03400384180
127.74986843239
128.16972418569
128.88549491421
129.14338435525
130.07382846830
130.74888344292
153.47187795924
165.97266813674
166.33456599360
170.07456295338
170.98636910081
172.28731374881
172.29208810427
174.52237398469
175.75862013742
178.72246678713
179.26910103897
181.08889436983
181.57692560433
183.02932617542
183.55384151366
183.56602363738
185.66016840405
186.41516989515
187.91423383955
188.20500383328
188.79363283438
189.62372457902
191.24016965556
191.35434875143
 192.6020104214
 194.6221534263
 195.0259872450
 196.1428685446
 196.4253518121
 197.2868653762
 198.8807815119
 199.5377297359
 199.8471712243
 200.6447749754
 202.1407513246
 202.4095890025
 202.8583579988
 203.4044119147
 203.7256282126
 204.9488461237
 206.3346283216
 206.4808047042
 207.0356040189
 207.3763361416
 207.6476921714
 207.8690196217
 208.0858549560
 208.4806218975
 208.6447431699
 208.7301971378
 209.4639549905
 209.6350015625
 210.4150757514
 210.9490717161
 212.0367395344
 212.3673938041
 212.8786730474
 213.2547214029
 214.0051061515
 214.7658273018
 214.8179190067
 215.5037986756
 216.1191368519
 216.6143163158
 217.2366066330
 217.8420582723
 217.9396337139
 219.0286973213
 222.2982324188
 225.3409018180
 225.3878248936
 226.3736112389
 226.4719173699
 227.4411086910
 227.7550372304
 229.0006929234
 229.3980177185
 230.1306469842
 231.1049681235
 232.1395413586
 232.2333516355
 232.9064865631
 233.6675620711
 233.7450401657
 233.9351147843
 234.5228815228
 234.6832850903
 236.6267643951
 236.7164082076
 237.2457666598
 237.3642154067
 237.9790211520
 238.4099814270
 239.0033783801
 239.6820524778
 239.8408739633
 241.7215981631
 243.3342738939
 244.2028654332
 245.1011044302
 245.2631623912
 245.7685027369
 246.9591398744
 247.2385505974
 248.5106996807
 248.7897516192
 249.0866564761
 249.4945019923
 249.9299241071
 250.3003288036
 250.7606272547
 251.0028809915
 251.3084195687
 251.6078490018
 251.6305636998
 251.7777439102
 252.2292025064
 252.3773702269
 253.0356600183
 253.1804468079
 253.3355012436
 253.9785749256
 254.2040176158
 254.5960516617
 254.7530951414
 254.9892915902
 255.2456435943
 255.4631777599
 255.9559478239
 256.4199264224
 256.6202683251
 257.7786825280
 258.1038328647
 258.3382848943
 259.7084574297
 260.5756663245
 261.4111238750
 278.0686357780
 278.4890477759
 278.7274308103
 279.1309296149
 279.3075632490
 280.5564120846
 296.1775399099
