8.1485361343030
11.293222631242
19.294412715603
31.244519955113
37.570602605648
42.898045718257
47.121213924743
47.826729048173
48.004646866240
48.430028901070
50.269801719334
52.700011519359
55.569908421394
56.340668302062
60.330504670010
65.930443818252
66.201183095910
66.759671973228
66.938463667307
69.828131156252
70.020805111543
70.140536772556
70.192347320518
92.023377468726
95.160342609695
96.662892612864
96.777613382945
98.996618565768
99.221210848350
99.286602159957
102.17096475666
102.23649792381
102.72041720137
104.40142542007
104.78417254965
104.86020034314
107.87525532313
107.92295235484
108.01308844008
108.85210943384
108.93222984600
110.25584986701
111.41461025693
113.37157892570
114.60640145611
114.70474895565
116.48221783195
116.67210855671
117.96733155851
118.42297906310
118.50685626262
119.69339000261
119.77504443123
120.05514418887
120.22206449695
121.51043629251
124.27303073283
124.42400118104
125.44652837530
126.25918301015
126.36144100423
129.84322074574
130.18251413310
130.97155328054
131.01633895995
133.59236294204
134.01249202606
134.14690679739
135.24005799556
137.38888068509
137.65021004579
137.80142423397
137.93520584916
138.24235573770
140.16254220679
141.37281497756
147.82998965766
147.93650585263
148.35017196870
148.48876529959
149.88026286756
149.90021005983
150.87622339851
153.07281240886
154.10398824282
154.14373112376
155.36260344271
155.51913434504
155.79033950982
164.33491850120
164.33970510780
164.99331676432
169.34674172325
170.14686961361
170.19671446477
170.39341097979
 171.5781193700
 171.6319450264
 176.1752977611
 178.4137190386
 178.4661585191
 179.0643530754
 180.5109662296
 180.5318534692
 182.1069842444
 182.1524223593
 183.9786821341
 184.4984907575
 186.4525217286
 186.5315203466
 187.8732060947
 189.7830506066
 189.8084385952
 189.8823224225
 190.0993332827
 190.4627982074
 191.2219643723
 193.9633065928
 194.0264641268
 195.8885483247
 196.9249567614
 197.0006375561
 197.1350243368
 199.3556703463
 200.3506194268
 200.3953026766
 200.6661122746
 201.4475456747
 201.5802327001
 204.0462368486
 204.5653652247
 204.6834812290
 204.8620276783
 205.0021640147
 205.1777916048
 205.5558543246
 206.2443199753
 206.3408765365
 207.7067387885
 208.3283399672
 208.3792324141
 208.7168092971
 208.7823372589
 209.4195963342
 209.5660386879
 210.8006269268
 210.8468023210
 211.4406984905
 212.1396245876
 212.9412234557
 213.1280513531
 214.6982515648
 215.0193777763
 215.1085427573
 216.1134320829
 216.1765515832
 219.6481578067
 220.1194565646
 220.7238336667
 221.0046674038
 221.4486880505
 222.5003174501
 222.6684038730
 223.5952020930
 235.7366528433
 236.2620519008
 261.2677323874
 262.7343452634
 263.9378654059
 264.2526484869
 271.2628612323
 271.3898592567
 273.9760292317
 274.5472454024
 275.8151010047
 276.1957692463
 276.8486274560
 278.0056617670
 278.1325271118
 278.4842344538
 278.6694971948
 279.3508196216
 280.4766267402
 280.6173049946
 280.7771090662
 281.4548082551
 281.7492279651
 281.9899392842
 282.4655546466
 282.5387602565
 282.8994334561
 284.3064491719
 284.4046723237
 285.8779967655
 286.6205464445
 286.7995085823
 286.9873798560
 287.0313930326
 287.4301912420
 287.5588046813
 288.0661553133
 289.6878091609
 290.0062655018
 290.5444440479
 291.0037383843
 291.1721821465
 292.8163045904
 293.0022653832
 293.2758044249
 293.3320797042
 293.5192903264
 294.3704998616
 294.4164830661
 294.6389175552
 294.7418130420
 294.7860533844
 295.6260462517
 295.7267527484
 296.1022786946
 297.4442304859
 297.8366834640
 297.9716280598
 298.1884971865
 299.2561017699
 299.3159777417
 302.0306538381
 302.3270590173
 302.4817335640
 304.0932470067
 304.2152332367
 305.2714317878
 306.9900378165
 308.0739445862
 308.9226514270
 309.2982754078
 310.3096896568
 310.4040577890
 311.1885078039
 316.4934066910
 318.0067983239
 324.6413666309
 330.1143468156
 331.6170638361
 331.8931307086
 332.3326326478
 332.4973031941
 332.7459941205
 348.8400699985
 368.5903046939
 386.2425081640
 391.0850042433
 409.4321862378
 426.4000494033
 430.9777009877
 435.3590478172
 446.4293648428
 448.3724502214
 463.3622932297
 463.7939852440
 500.0508682410
 560.0679980265
 588.9099444564
 603.8507269908
 620.0478732378
 621.3603238020
 656.8505875549
 670.3201950174
 679.9265654038
 700.9917055754
 711.0990736827
 753.5646149314
 798.1544132338
 828.4629776516
 914.4714736215
 975.6180298002
 1026.458476329
 1117.913625365
 1157.993083581
 1185.304314633
 1187.496550523
 1224.474301973
 1268.093899257
 1288.292474295
 1362.983510787
 1369.570317471
 1403.337982087
 1417.204091543
 1428.438752835
 1465.445301763
 1507.266296011
 1516.549876217
 1602.041466078
 1619.397597157
 2187.593708754
 2187.651331356
 2213.423635935
 2216.461692623
