5.81464703907747
11.2876830914914
17.4715084364038
30.5734216784639
39.4773543450039
43.4119269735975
49.9172151394480
52.4243350807041
53.3618662498666
53.9460050805667
55.1007855086285
55.6486427711497
56.1135437614204
56.7506855860514
57.5461862037735
64.5572992410386
69.7942147074114
82.2881539527104
82.3404168463428
82.3572910672686
82.4083582086563
82.4479113292360
82.5108809930953
91.7583604066740
108.772625915134
112.006242790439
112.273595593904
112.404970880525
112.556207535834
112.614344061909
112.665538841541
113.885457263080
124.236269082758
124.246676839628
124.309418785061
124.356232673517
124.387931995870
124.409986514434
126.448880899696
126.505479020710
126.514243781715
126.690507764362
126.729901567985
126.791330027788
130.076637940284
131.032134876008
131.134501326474
131.296357236501
131.440830436550
131.474183903374
131.597589858885
137.301703682839
137.338363707549
137.367779784365
137.384865838876
137.411783576924
137.433452321826
141.124755712454
146.032006883578
146.214897290649
146.303710632619
146.388376901550
146.480067942124
146.522455374615
147.878132421996
147.912811125751
147.922386503864
147.974818041407
148.047023278836
148.126755496865
150.113316683870
159.234347700162
159.259381215223
159.308572494954
159.353089628429
159.374227774677
159.411821140474
165.386284185944
174.024432871935
174.120968990810
174.155291892069
174.257374335247
174.294216825904
174.340233415401
176.124519915497
176.203655894905
176.264914784679
176.270427867827
176.305778023470
176.367452414465
192.230836448260
207.595406512824
220.194883425382
236.258113155491
261.862667553477
273.986751399876
 287.97800496299
 290.60216617304
 290.60657919944
 302.07043172252
 302.08916577605
 302.09857789655
 302.15568852153
 302.18375913942
 302.22488317425
 311.71343915523
 316.24936676579
 316.27048941845
 316.29361271951
 316.38584506578
 316.40131749376
 316.41834367601
 316.49487896095
 319.16694485502
 320.95810053162
 320.97300686192
 320.98197069387
 321.02172161749
 321.03978396580
 321.11812783571
 321.86915351920
 321.89681137202
 321.95108279060
 322.05213084936
 322.06686842625
 322.11787410489
 324.70699066615
 335.39343952107
 335.45372193311
 335.54725010327
 335.65669768702
 336.05343856670
 336.11273111384
 339.08635530144
 339.14573315868
 339.20202376246
 339.25922759019
 339.35613988544
 339.43095546156
 340.18605666200
 340.22540947594
 340.24206002573
 340.54644109367
 340.64651333184
 340.77984818701
 346.28065281096
 346.38290982664
 346.44142747174
 346.51681346422
 346.59045379949
 346.61642795607
 346.68874262384
 346.76761227390
 346.78688473109
 346.81245826355
 346.87899344977
 346.93460860508
 346.99616336783
 347.01893531381
 347.10068465101
 347.12779144834
 347.26874218707
 347.34627931702
 347.66921683583
 347.69822208151
 347.73964089380
 347.76481828636
 347.82639731625
 347.96348119226
 350.05704913184
 350.08125437965
 350.19335433340
 350.32148962990
 350.35080140989
 350.47282989403
 350.57406987304
 350.63615656391
 350.70463136908
 350.82062393304
 350.89274514216
 350.96047361350
 351.08262648459
 351.20461790346
 354.11018611394
 354.16970500250
 354.21640406015
 354.24742560422
 354.30435264930
 354.31996396533
 363.40716221878
 363.46303694026
 363.53371145430
 363.58632482653
 363.69320046123
 363.77102407590
 364.21942272113
 364.35042195566
 364.36995616956
 364.51032184618
 364.57644311844
 364.58077708769
 365.32203579838
 365.43799038606
 365.54294028109
 365.57432370801
 365.57691460094
 365.65370421688
 366.53373539739
 366.60127665506
 366.66940394790
 366.97673670603
 366.98437927979
 367.09545250053
 368.84905340361
 369.01978767917
 369.05500685352
 369.21517802501
 369.22497693896
 369.26803190381
 369.31901876649
 387.33912366568
 390.02659870809
 391.03921415131
 391.15063184030
 391.32492409039
 391.54502933998
 391.95500721146
 393.07399308893
 399.25281833316
 399.32172893506
 399.43846441983
 399.51326491375
 399.60810291190
 399.86416307743
 400.94960989751
 401.07616568617
 401.20964846670
 401.47171892243
 401.60551693062
 401.84970819202
 405.39566345830
 405.46341952851
 405.52546420366
 405.57259693643
 405.60219397136
 405.69371796797
 405.84391011648
 405.94422296540
 406.08255264293
 406.25382696346
 406.28298336505
 407.37229815744
 407.64616643983
 410.25981809541
 424.30965065863
 430.01164198303
 434.25583848010
 435.48859799314
 445.13130809296
 450.97556446409
 461.22686341504
 461.80601096546
 500.03529437173
 564.02452386396
 595.49394263066
 607.00517952232
 618.21245331660
 619.46457506976
 661.84330225164
 673.96285784783
 680.56228012205
 701.39065432174
 715.33158393799
 757.05373169495
 799.25953642395
 829.46574622766
 915.94884526275
 976.83940036069
 1028.4984766476
 1121.9354822752
 1158.9417842467
 1184.5719309579
 1186.1499444569
 1228.2704341204
 1269.0479518630
 1290.2444758809
 1363.9089706114
 1373.4780966081
 1404.5413835589
 1422.8895766212
 1438.3202330272
 1467.3012438671
 1518.1719145986
 1520.1356791605
 1605.3001665154
 1622.4644063142
 2195.5602823388
 2195.7874781731
 2219.6949079260
 2223.0077462929
