52.540310494752
52.603266934950
52.676661460708
52.998340044006
53.072816201764
53.137121793679
80.942682311947
80.946203669170
80.973291633546
80.984654651865
81.005631153441
81.023327878633
110.61393582673
110.65960663981
110.69492590696
110.71192233349
110.74358049587
110.78250937139
122.17961214189
122.19240953609
122.26074943180
122.29593498482
122.31046126995
122.35070435765
124.88248235334
124.89810726482
124.90804254676
124.92056948853
124.94136690477
124.95710837574
129.56734722553
129.61103787624
129.61237008393
129.65367480531
129.67271718822
129.74366560863
135.24221883412
135.27167573940
135.27337964054
135.28620136967
135.30450409210
135.30998862084
144.32597445657
144.35301091569
144.38431538960
144.39805101881
144.42615954439
144.44246787049
146.29117579241
146.29656512373
146.30423386635
146.32131254213
146.36504519410
146.36791549645
157.56690653532
157.59013683229
157.64861225779
157.65953599140
157.70927027094
157.76128016817
172.63296624759
172.64952502749
172.70268272775
172.76269028143
172.77210274560
172.83211691942
175.04157260152
175.07395404904
175.08422627282
175.10394057077
175.12043963465
175.13117568678
289.51967529339
289.57858825293
300.53913109384
300.54361714977
300.54730714396
300.55595298456
300.55737512792
300.56504966864
314.13773351144
314.14087184005
314.15452051301
314.16209186711
314.22173597111
314.22686064989
318.75822740197
318.76942330962
318.89826933637
318.90596475810
318.92591095027
318.93284055520
319.82851098719
319.85414476534
319.87281920216
319.88365456243
319.91150129567
319.94870632609
332.65552920996
332.67260549423
332.68001613911
332.68553401645
332.83119777219
332.83597085375
336.29204971415
336.30300052674
336.32837114558
336.33564914197
336.35054185377
336.35582838564
337.99739646576
337.99998394011
338.00340455798
338.00459782685
338.00853410310
338.01332236088
344.38834415133
344.41025861756
344.41653316856
344.42810401488
344.43150169155
344.43608418030
344.59201519071
344.59902780699
344.62011312980
344.62724802645
344.64172469514
344.64317321818
344.64570298731
344.65053424880
344.66157832811
344.66560213789
344.66750638011
344.67352735352
344.86611580298
344.88518477280
344.93404628789
344.94057393531
345.00477709623
345.04855283015
347.05760311521
347.07240944817
347.16702091114
347.20606359655
347.22104450823
347.23814580372
348.60583412497
348.63477161548
348.79028725984
348.79917123719
348.82174203871
348.83774955450
348.84119390671
348.84556823670
351.61872462146
351.62261502580
351.63568785655
351.64812450760
351.69355627348
351.70265667471
360.32327733255
360.32905415499
360.38674703260
360.38915652652
360.41217158598
360.41812222243
361.48571939611
361.49669093388
361.56721307099
361.57132810336
361.58434733901
361.59675510372
361.91655497766
361.95579298073
361.99205618065
362.01046318408
362.05007752833
362.07995717772
363.95111946353
363.96445306884
364.00014153728
364.04022915190
364.09880623819
364.12621962021
366.92056201523
366.93723871786
366.95262180966
366.97027394186
366.98925028532
367.02492127086
389.89056846751
389.90235187237
389.90480478674
389.92473365890
389.93193623318
389.93866210185
397.80742086306
397.81385596278
397.82746086577
397.82970923280
397.84233601444
397.85138688001
399.39351044592
399.40401372693
399.41094134209
399.41782379825
399.42868085044
399.44476978439
402.13010172280
402.15361980184
402.24709881673
402.25549442355
402.27241932017
402.29030004766
404.57303348777
404.61079569626
404.62662689336
404.65115503965
404.66716179536
404.69126701806
408.51181225272
433.53743733663
