52.2195983974
52.2330607821
53.0388853389
53.3709002232
53.3774344444
53.4400937292
78.8860352836
78.9120641079
80.5256453240
80.5433471371
80.8699229333
81.2071125530
92.1088441613
92.1606269771
110.749786474
111.201617214
111.343983673
111.359334635
115.111902928
115.130766825
119.961944041
121.991057571
122.067216116
122.135122403
123.014550345
123.086792106
124.495942133
124.905061534
124.918691317
124.943558371
125.352250688
125.361992913
129.196617284
129.851855091
129.874188137
129.991419308
132.825876979
132.870686130
132.886543438
135.006450315
135.012906996
135.031772004
136.842100802
136.858831458
141.397943349
144.793934809
144.861083373
144.915350540
144.923546371
145.722787205
145.732956812
145.765980258
146.384804006
146.414259544
152.135865877
152.140783984
155.408795398
157.233884265
157.243725705
157.893912312
158.484515203
158.515999797
169.681125119
172.019054894
172.130844309
172.606586505
172.788704439
172.881548934
174.777804913
174.834344352
174.875664319
174.887262150
175.358916765
175.385083055
262.955269843
289.388998373
289.401441114
300.191403373
300.338610258
300.351343886
300.786805218
301.145536885
301.156202119
314.018220542
314.272100042
314.292315608
314.375147129
315.086200432
315.109047134
318.353439469
318.575979152
318.580381056
318.595120930
319.222930666
319.233049310
319.560657661
 319.57908018
 319.69186749
 319.82093640
 321.43925112
 321.45110661
 332.49270760
 332.49796220
 333.09175518
 333.10026898
 333.68912011
 334.34220585
 336.19197152
 336.22023702
 336.22456045
 337.03672848
 337.03938715
 337.04549468
 337.68408040
 337.86256521
 337.86449956
 338.47012146
 338.47431351
 339.23542420
 343.12485611
 343.31414112
 343.31965585
 343.98719798
 344.01136110
 344.02181216
 344.15219450
 344.15424336
 344.24678155
 344.48064803
 344.49232390
 344.53754771
 344.54450058
 344.60597014
 344.72324570
 344.80696468
 344.82560141
 344.95932212
 345.15316806
 345.18273210
 345.26705648
 345.29014274
 345.94333161
 345.95594186
 346.91887705
 347.57327994
 347.59850003
 347.76085259
 347.84828485
 347.87178606
 348.49179380
 348.53441512
 348.79466758
 348.83113587
 348.86718617
 350.18202360
 350.21203798
 350.79514490
 351.40628095
 351.48335478
 351.53124908
 354.52840654
 354.56554063
 355.50305316
 360.01222956
 360.30960239
 360.34066064
 360.46534465
 360.66578027
 360.71508930
 361.25902986
 361.29165487
 361.33122719
 361.61506280
 361.65026816
 361.84459470
 361.85306294
 361.98755542
 362.00315305
 362.31921542
 363.31121085
 363.45747666
 363.47397841
 363.51154468
 363.52289541
 364.18607751
 365.80445134
 365.81117276
 366.35464853
 366.63455278
 366.63876559
 370.94224878
 374.31400829
 374.37173740
 389.79552112
 389.79918311
 390.03960880
 390.04371860
 390.30822481
 392.05968610
 397.47955521
 397.48578732
 397.77155787
 397.77987225
 398.10585282
 398.69482271
 399.03110134
 399.33602226
 399.34934728
 399.57917543
 399.59143872
 400.75154239
 402.74629877
 402.82959586
 402.91323344
 402.91493347
 402.98921732
 402.98971600
 404.50051576
 404.54259242
 404.55776816
 404.77154009
 404.79228095
 408.60947021
 430.72825911
 648.17616188
