2.185007058375
5.3171908296674
10.157734605151
16.685183967928
19.442422869346
22.128464080229
24.058995516099
33.218341568620
40.134768353067
41.054581292991
43.962225376595
46.574606889491
52.346722450751
52.967354442165
55.992684428552
56.367188282112
56.869803002100
60.887642031656
61.400888774072
63.213068324499
63.280996779509
63.381084931398
66.089768573681
68.527429598194
68.789067365582
78.648874822054
79.588688485535
87.277307069054
89.199563840821
89.450740963632
91.535508924147
92.283121316138
93.071869877718
93.636247301864
94.242477536344
94.645293421647
95.047071816335
95.165647197225
95.341229353415
95.517974507169
95.730045657527
96.399805296084
97.191200252612
97.252976103489
99.378753121982
99.870498266002
100.72658571296
100.92330109321
101.34709400997
101.97531144553
102.58272978690
103.74979386826
104.97659428057
105.17841057384
106.02083247191
106.58653782265
107.93014908267
108.21377373646
108.45073141244
108.66083021705
110.51820765966
110.69744228969
111.55042543483
111.62479350812
112.93235078145
113.09680323956
113.55846753596
113.76377072940
113.96201406793
114.48152301205
118.44170547077
120.38640836187
120.42331226232
120.75855645992
121.59046974494
121.92010002013
121.96743607195
122.27667751146
124.61363373896
125.99922308641
126.15824058610
126.47766879829
126.60923510172
129.77408717244
129.87852707875
129.95800424776
130.11421784571
130.59737391092
137.29354017228
141.47813300897
150.98569432111
161.84149001560
165.06229097993
166.42549274922
169.95353994101
172.5960069778
172.8923183761
175.3407598264
177.2617277949
178.1319459127
180.3767045666
180.9411881292
181.9728062623
183.7905297945
185.2326086096
185.8770353541
186.4229444512
186.6876184732
186.8008437698
187.9099579704
189.3303345847
189.9858071209
190.0497234257
190.2391970503
191.6942981163
192.8722493120
194.4880353273
195.6407641600
195.8423581140
196.8153044009
198.9009546059
199.0484226064
201.5247909566
201.8187202172
203.5531274367
204.7218320459
204.9814367603
205.3434343087
206.5647950657
207.3986024667
207.4933976869
208.3455225890
208.4652795069
209.0977531212
209.3184826085
209.8695985354
211.7168139428
212.0682096562
212.3228245309
212.7788400288
213.1274529393
213.3378566034
214.4354908885
214.7172151365
214.7706455049
215.2326642051
216.2054478639
216.5956299712
216.7370024194
216.8630917747
217.0987704483
217.2296996451
217.5679206837
218.0520228704
220.0945396912
220.3086784229
220.7692215020
221.9822350770
222.0221512856
222.3377077127
222.6084947373
223.1206448390
223.3440713545
223.8252162437
225.1470213361
225.2103257664
227.8074581367
229.2536496565
234.7757391994
235.8040590787
236.5764931516
236.6021497711
237.3714162231
237.9176487670
238.2136232922
238.9185411651
239.1538628730
239.5203956177
240.1611366705
240.6445817208
240.8587673350
241.3754319903
241.4695586600
241.8998750365
242.2030735797
242.5389203025
243.0733097375
243.1975688719
243.7118558768
245.1372830615
245.2396145946
246.8906628895
247.2718617680
247.4848989235
247.6296015082
249.7250294743
251.6343723692
252.5371013425
252.6160625532
253.9562988445
254.3103471542
255.3050515013
255.5494119627
255.8529056573
255.9796164005
256.4767708478
256.8530117156
257.1221961712
257.7559338899
257.7839297554
258.4978127071
258.5699709564
258.8364469687
259.1469770533
259.3491942543
259.4017924270
259.5839740638
259.7673766189
259.9953666516
260.0904722673
260.4125899902
260.6906543122
260.7808961968
261.2010074867
261.8097554698
262.0594024263
262.1846038052
262.2309998127
262.4768145959
262.9571321785
263.2472965875
269.3181723067
274.3640493645
277.4414072967
282.3929213783
284.1098165771
284.3992940041
285.5916638264
285.8622324911
291.8499537256
299.7897115933
300.0557013138
310.7971028264
314.2761190214
316.4362852870
317.3303323479
324.4834483804
368.3600235057
382.7579330419
386.0106476094
388.1662773331
403.2140344443
408.0973390608
409.5227668886
423.0392283698
431.6182444796
435.5121291081
444.6598959342
447.4111853215
464.5834398608
465.7675065628
500.1524402023
556.8699173599
583.6901573423
602.1951963483
621.3373045326
622.8048509723
653.2603820705
669.3206490421
679.7226906671
700.9133993314
707.4417958217
752.1326804519
797.7096318225
828.2580040421
914.1646917961
975.1966459601
1025.794610131
1116.281101673
1157.688540824
1185.512469667
1187.923283350
1223.871676310
1267.947684151
1287.927777179
1362.116836029
1365.995858276
1402.026930545
1419.650277482
1426.569693902
1464.862728674
1502.656284920
1516.768610684
1601.728041800
1619.032291227
2183.258604639
2184.634152517
2211.104693213
2213.859583173
