7.284195913948
11.08366236084
17.57181039305
33.08403729413
39.34621248957
43.50266241466
50.23095937227
52.52737561014
53.13973797365
54.11452533455
54.50573650885
55.52244044534
56.37278967986
56.74213826166
59.88619196214
65.49792634525
71.42727501571
79.59228063755
79.69467689963
79.81781694659
82.04658708314
82.09370730869
82.56923579413
91.84796142406
108.2960250709
108.6213092760
109.3803377484
111.3306048766
111.4270519057
111.5849440286
111.6770597849
114.3313821582
119.7822708119
120.0155424575
121.8025790210
121.9014225493
122.2206973076
124.3408016240
124.3868898979
124.6151172407
124.6510524314
125.2183210411
125.3737762002
125.8152829554
129.1354299680
129.2340549311
130.0333518182
130.2470386988
130.3859061003
130.4691698070
131.9990001159
134.3292745946
134.3380101745
137.0006120055
137.1040353948
137.3282036730
137.3719771215
140.8617770295
143.4221676660
143.5076199958
143.6041163584
145.6031803292
145.6662462003
145.8627900342
146.1041516727
146.4913112365
146.5478984021
148.0381365038
148.2198695782
150.0412358184
153.0899599898
157.0620045747
157.4399177190
157.5877028125
157.9768795622
158.0415338451
161.9181073365
164.9477849052
170.0806227071
171.9095963240
171.9381843970
173.6641594175
173.8668066636
173.9799225213
174.7495231238
174.9254867953
175.1124742316
175.1591774380
176.0987211687
176.1703507312
190.9746789181
207.6190142121
219.9152116314
236.2264606100
261.8273160006
273.9542401004
 286.863651049
 288.491389633
 288.540114233
 294.635060496
 296.921363862
 297.135133513
 298.935953383
 300.798282656
 300.828986157
 304.872344353
 309.137530807
 309.210290081
 311.710232575
 313.602886630
 313.703901951
 313.822300853
 315.452271710
 315.953181177
 316.026662857
 316.480990217
 318.144292116
 318.533805746
 318.585025836
 319.234772146
 320.916684683
 321.509722982
 321.534681011
 321.888220466
 322.190229439
 322.278384216
 324.716196912
 327.286266747
 329.315824551
 329.404958314
 333.387207363
 333.410714637
 333.676846238
 333.796205007
 334.585092075
 334.987965054
 335.744306060
 336.294187883
 336.576552314
 338.182107350
 338.264749237
 339.280904752
 339.392193895
 339.623612730
 339.844017127
 340.206109407
 341.157398562
 341.399185723
 341.427140581
 341.557435711
 343.274685458
 344.450798600
 344.613702869
 344.696681134
 344.935146968
 345.436056185
 345.756814096
 345.847093070
 345.861930724
 346.003544783
 346.067475031
 346.154759377
 347.040845026
 347.106603876
 347.220209565
 347.679483485
 347.845975847
 347.955126595
 347.986373743
 348.487612260
 348.542355950
 348.802252700
 348.987561871
 349.205436737
 349.418899280
 350.137252872
 350.358397582
 350.379560333
 350.597913872
 350.770388187
 352.098201406
 352.228976394
 352.312936548
 352.702675816
 353.825164564
 353.893400438
 355.145841880
 355.385886299
 357.238839973
 361.088943323
 361.288195987
 361.693702268
 362.660939094
 362.732747636
 362.803999416
 363.162972214
 363.269609824
 363.565489081
 364.334037764
 364.716843028
 364.858837790
 364.887652180
 365.304250178
 365.709325041
 365.854080114
 366.138546991
 366.499783978
 366.605710569
 366.704433134
 366.891257270
 367.584107954
 368.997396969
 370.130873053
 370.245166173
 374.527886236
 374.745222949
 375.172975291
 382.790377881
 387.118967628
 389.885825908
 390.020532712
 390.327502082
 391.014105404
 391.361352708
 391.414482290
 394.491843916
 397.787360150
 397.933563003
 398.675977894
 398.791142201
 398.865949523
 399.111463985
 399.961906718
 400.184168540
 400.678776074
 401.451874119
 401.826562602
 403.804505307
 404.142839067
 404.313427427
 404.643826300
 404.868241604
 405.243668031
 405.361873981
 405.603805219
 405.902800740
 406.550346139
 407.595695446
 407.871089074
 409.266533978
 412.199807334
 424.326199424
 429.950391848
 433.532935853
 435.559725562
 445.043993100
 450.958559154
 461.124203102
 461.745144001
 500.059948267
 563.722509369
 595.736584963
 607.494823561
 617.962543666
 619.156460233
 662.968882330
 674.367603737
 680.463813274
 701.322263866
 716.857953485
 757.638560136
 799.302125174
 829.380392149
 915.930213344
 976.907302701
 1028.43727135
 1122.08799807
 1159.07187678
 1184.55964811
 1186.15261562
 1228.47220877
 1269.02575534
 1290.37752576
 1363.77169024
 1373.42539933
 1404.41516541
 1422.41236782
 1438.12780108
 1467.47234225
 1518.20949091
 1519.88079780
 1605.01958344
 1622.47537224
 2195.74621310
 2196.08376813
 2219.70637636
 2223.13258543
