37.5091764594396
51.2306215951077
51.2397083872748
51.4718179595675
54.1894709121755
71.5760261325803
71.6093829431182
73.7742972505631
73.7979173616455
73.9498825171230
80.3319674367715
82.8057462720169
82.8340914718954
94.4372333773619
94.4519118567836
103.563738260997
109.535734637309
109.577124539748
112.910083859537
112.939538982158
112.986923795876
117.837714996690
117.842707945536
120.018711687796
120.037353713917
121.718255402482
122.574233153922
122.631398463621
123.004108172006
123.228133423310
123.267349171113
128.129863225220
128.152236616879
128.275283220813
130.974605150484
130.986620263279
130.992973094521
133.850507270831
133.864555279990
134.156855771565
135.068757284452
137.711936209053
137.733703842528
141.150619144142
141.170461757651
141.663951927343
143.603450015632
143.618791705889
143.891928736885
143.912590076291
145.093961581465
146.816881446013
149.277208151353
149.294324148553
153.872217176544
158.765426235001
158.806447776118
162.846602267991
162.891456227394
165.876119729043
167.238310535519
169.560782224159
169.655113888669
171.390293751163
172.528866237186
172.586246800752
173.068095580833
174.340125847382
174.740575043134
174.769730093577
179.339612881757
205.714285613428
205.735940824949
227.724467140916
269.625887700257
269.645948343412
287.859411369071
291.335771007062
291.347064440041
294.599870650158
299.708409552185
299.716662986772
303.356704190009
306.452599114934
306.456520818846
309.453795020337
309.468917554736
310.371602092757
312.216254501536
313.303504313252
313.313994171552
313.704594649175
315.339805244873
315.523769410307
 315.53186681961
 318.08884824911
 318.13194401067
 319.24826467542
 319.25026915699
 319.28338575808
 320.32723286099
 320.33700464876
 324.93460752897
 329.75684299536
 329.80812313820
 329.88241571030
 330.58296086015
 331.91778955881
 331.92578637534
 332.72772915128
 333.43838300813
 333.44642807761
 333.46986148553
 333.70699572932
 333.75886762085
 333.76943113818
 335.01656030644
 335.02174225134
 338.44668274428
 338.45251018152
 338.56582031754
 338.57882016073
 338.85889827100
 339.77624588382
 340.71861788751
 340.72337617901
 340.98114984700
 342.32239503844
 343.16049914861
 343.19604545318
 343.19820860544
 343.80395386392
 343.81593076907
 343.84048567039
 344.60915477664
 344.61567953958
 344.72404678830
 344.88589589163
 344.89874664894
 345.03354805191
 345.06901661951
 346.48974129164
 346.50470395494
 347.02364357077
 347.37536032488
 347.41833571649
 348.19626020466
 348.43808990749
 348.44392617719
 348.45731312758
 348.73226435165
 348.95159225370
 348.97121819340
 349.74724472533
 349.75182838300
 352.02138811831
 352.15465177868
 352.45940001575
 352.47148583480
 355.98903194307
 357.68889680345
 357.71896510187
 357.93146485712
 357.94169753580
 359.42140136933
 359.42710857435
 359.58705983457
 359.81163718513
 360.54087186837
 360.56366777632
 362.09020977045
 362.33406947992
 362.34584476003
 362.83476539911
 363.16535716628
 363.18745710704
 363.76675346250
 363.77651779780
 364.01331112555
 364.05097515038
 364.19693263323
 366.09411056491
 366.75891511939
 367.34736662498
 367.35916055831
 380.17977960264
 387.77557093608
 387.79266902808
 388.77134624815
 388.77243125840
 390.11311942705
 390.13787570836
 393.77107747335
 394.23547883741
 394.49190813481
 394.49562347293
 395.82526376081
 395.84775414668
 396.66908092490
 396.67201049983
 397.73159877307
 397.73537609028
 398.76778927491
 398.77704524147
 398.84500664837
 399.28951199371
 401.74655180340
 401.75884082592
 402.26302253284
 402.89139942260
 402.89670189493
 403.63517339027
 404.27820368874
 404.30003917816
 405.13995292337
 408.97771253537
 426.77316000375
