52.530807847405
52.538501781941
52.888482794984
52.892845428501
53.154929482216
53.806413046418
78.244723761480
78.359826986775
78.371811862009
80.608397499289
80.662872860685
81.108716683682
107.32481875963
107.33462818356
109.97878820173
110.17784911089
110.19628197798
110.62488698021
118.04171358855
118.06754949088
119.75515459413
119.78681059884
119.91929101531
122.49029048996
122.55934566703
122.57955023183
122.97911941910
123.60999307006
123.61858499526
124.16531793671
127.51836575884
127.53707295410
128.64685200022
128.78461866198
128.80322926514
130.68490999359
132.34252025070
132.35554686388
134.84691377534
134.89747564680
135.33954635464
135.36325299333
141.18325068749
141.90545091169
141.90874506429
144.21159991959
144.37962239937
144.38481149313
144.61197749929
144.84425089356
144.87652703414
146.48916707278
146.50825344255
151.42080580699
154.93404845078
155.53291933052
155.55799263805
156.37069248426
156.39194275326
160.07756777495
168.22684693445
170.38489717357
170.43443167276
171.73600076757
171.78548392734
172.25003672359
173.61913001426
173.66024902601
173.68468181524
173.92084428212
174.93980073669
174.95733603045
287.30038762580
287.31406720048
292.78861877217
295.37544992739
295.37950564002
297.42142858673
299.27460670389
299.28963080614
303.07932288140
307.15118723849
307.15431808585
311.64195455507
311.65148840186
311.68052814217
313.11356558401
313.82356602057
313.84156751549
315.90753426870
316.33569412424
316.34510657310
318.61065299282
319.29449213011
319.30409521544
319.74429508026
 319.9584067436
 319.9647638942
 324.9717650875
 326.9377097853
 326.9400924757
 330.8412619066
 330.8483677524
 330.8665449987
 331.1677466602
 332.2446355844
 332.2593499536
 333.2005042064
 333.5994905413
 333.6055327405
 335.8906091187
 335.8958644861
 336.5679969093
 336.7802715373
 336.7813254424
 337.1351489688
 337.4852241530
 338.8944768080
 338.8950515798
 338.9577373347
 338.9643209026
 340.8075349946
 342.1920319201
 342.2270277064
 342.2322254052
 342.2470633138
 342.9873620614
 343.1104493126
 343.5060674739
 343.5098512612
 343.5718065919
 343.5887586539
 343.7979647083
 344.3171385854
 344.3181347876
 345.1813588283
 345.3518515792
 345.3664661788
 345.4665951901
 345.4752152724
 345.6626496562
 345.8288172206
 346.0564212929
 346.0642193002
 346.9519139424
 346.9870485283
 347.8491504169
 347.8843333753
 348.2054057777
 348.4234067072
 348.4382171009
 349.4690862957
 349.5000767684
 349.5687886565
 350.2591072543
 350.9322763774
 350.9569798448
 352.1838595435
 352.2208741894
 354.2179918622
 358.1680186516
 358.2009375912
 358.6601959158
 359.4606178915
 359.4676613796
 359.7617244657
 360.0086958276
 360.1235323161
 360.1574111246
 361.0900800761
 361.5536498446
 361.5710314138
 361.5907080379
 362.1060013856
 362.5449209237
 362.5810866719
 363.2397089824
 363.3677332789
 363.3821955897
 363.7723223828
 363.7775760327
 364.5376783017
 367.0963025960
 367.1040412211
 371.0108066104
 371.0384646951
 371.3525361902
 380.0902915308
 388.5953375767
 388.6001142419
 388.8670232814
 389.5157698678
 389.5191220974
 392.2033571589
 395.7900362884
 395.8028454655
 397.0031905443
 397.2270941397
 397.2310771120
 397.6113517464
 398.2625750836
 398.2728825625
 398.8810983465
 399.3351730524
 399.3435993681
 401.4717769660
 401.4799076064
 401.4815021227
 402.1811382279
 402.1845630477
 402.4869308615
 403.6052877768
 403.6255846229
 404.1334682138
 405.8564887188
 405.8697937690
 407.8485657002
 410.3347797303
 430.9100066350
