52.08582403460
52.09745892330
52.52315681554
52.53077668769
52.76843820981
54.24212984125
75.28768299996
76.03855221198
76.08921641797
80.49133911559
80.49864199650
81.22742871585
106.7936501667
106.8082924262
109.7964938857
109.8208191470
109.8525927907
111.0666234973
115.1691691770
115.1936543398
117.6040724462
117.6691627334
119.4729695990
120.2649741294
121.5283115991
121.5382716432
123.0934416957
123.5593128306
124.1980045117
124.2272690252
125.1867563255
125.1971128211
127.1146683405
128.0275080933
128.0503664142
129.4746699108
129.4937798521
131.5551125994
134.2444604830
134.8347279665
135.9530141343
135.9569089246
141.3580657769
141.3670142384
143.4004717705
143.4315486829
143.6831696051
143.9090493467
143.9156494982
144.4037753284
145.3696465379
145.3994943054
148.7117326944
152.4434562938
154.2296297443
154.2796656317
155.8246724226
155.8986282472
158.4270808319
165.0904170830
168.6664070291
168.7367612566
171.1382434037
172.8967561930
173.6299113543
173.6924423406
173.9955878558
174.0138078507
175.0784431205
175.9077235871
175.9583130846
176.2807099770
282.4912547416
282.5089711989
284.7738125458
288.2571891509
288.2574150786
295.9019088391
296.6622233713
296.6782530265
300.1526693916
304.4022280863
304.4096921980
305.0795860361
305.9154868183
309.9168719140
309.9293812910
310.1527008001
310.1744942918
310.2529239722
312.5092858642
312.5215772721
315.2707221573
315.2812942329
315.3515959509
316.8138119842
 316.817246282
 318.808444391
 319.818977708
 319.826309294
 319.972453094
 322.057813394
 322.081784427
 326.366814722
 326.907974856
 327.379787229
 327.383654759
 329.186469013
 331.309419685
 331.314617414
 332.221431660
 332.225070132
 333.533849475
 333.627763792
 334.138692505
 334.142358632
 335.869087947
 335.870883971
 335.926144453
 336.676675683
 336.679043788
 337.032591705
 337.946290528
 338.526365884
 338.530893135
 338.917708698
 340.759884112
 340.767964043
 341.953424540
 341.963981492
 342.567092424
 343.066889398
 343.070085600
 343.078855272
 343.096503349
 343.553612878
 344.394879966
 344.407102298
 344.553623038
 344.639502008
 344.691608801
 344.698410255
 345.242935818
 345.244103540
 346.424875724
 346.481410627
 347.223206392
 347.231901745
 347.621816873
 347.703269848
 347.707704385
 348.669664157
 349.196282199
 349.207655279
 349.963540065
 350.922964916
 350.976473737
 354.161638555
 354.223632515
 354.251976361
 356.527424281
 357.644573215
 357.648583421
 358.049002911
 358.102393114
 359.237059108
 359.547482694
 359.807447265
 359.827916275
 359.995432672
 360.026241140
 361.385435298
 361.395270615
 361.672319638
 362.105117139
 362.118249926
 362.665989153
 362.675547115
 364.156464300
 366.450439485
 366.459910959
 366.584980542
 368.153887698
 372.580338411
 372.604275890
 387.432133238
 387.442769515
 389.012657908
 389.020567459
 389.021534270
 391.970850703
 393.518881804
 393.536173705
 396.168333561
 396.362738223
 396.511565960
 396.515426038
 396.663082792
 397.668398610
 397.676749499
 398.716841706
 400.352420676
 400.366587101
 400.449683682
 400.450924134
 401.519722577
 402.342138842
 402.725137573
 402.742154313
 403.676354696
 403.681787663
 403.749183739
 407.083529859
 407.097334058
 408.768686416
 427.686575519
