51.776027118646
51.972162400803
52.281561736300
52.624102001534
52.682554196910
53.647892183462
75.589787938187
76.206536890714
77.697990443181
79.526479005602
80.017755476815
80.943310050617
104.10842944435
105.76312854016
106.56579704806
107.54938177370
108.58090286565
109.00768090220
115.50065448495
116.63455801515
117.44000138321
118.03545402535
118.57400283925
120.20652992157
121.03360339390
121.47914754774
121.86875325797
122.32706961122
122.38328341900
123.31984920270
123.78388969738
125.32926230884
127.15283468693
127.67748697542
128.09335099156
128.53903826793
130.28951824185
132.55276416141
132.97474674052
133.01764283243
134.27056158093
134.41692553162
137.22639329203
139.60246849582
140.93984484294
142.40447672153
143.40665754520
143.46212976426
143.65165385878
143.92555310330
145.35653514957
145.38766051853
145.93269433809
151.25728582092
152.72101314496
153.77668409651
154.63740425325
154.88033084301
157.06924660541
159.25195561838
166.41635684428
167.25482777153
169.07220065656
170.04859874378
170.14572021769
171.23936442238
171.51173518363
173.02107104287
173.26541502728
173.50929252627
174.55785245807
174.65523482887
261.13234362270
285.86402102462
286.58402950170
290.11210425873
292.99009694622
294.90449750440
295.01619675836
298.50790879589
298.88942475839
299.89373828156
303.98128469248
305.29579384165
308.26201588802
308.95054698635
309.88440242857
310.61548654164
311.46177973304
312.87138605342
313.80637576597
314.27957638118
314.81071614747
315.12596873023
317.60368752638
317.67627820909
 319.3555329863
 320.5605286587
 321.6551049816
 322.5689002660
 323.7689196956
 324.3707673271
 327.1691257615
 327.7313155456
 328.2729302544
 328.9545005179
 329.1667028050
 329.2719416220
 329.8856094121
 331.1682057276
 331.2695887853
 332.8412767367
 333.2598328496
 333.8692034908
 334.7983328010
 335.1126554217
 335.9502915888
 336.1335628554
 336.1940624289
 336.5178272435
 337.1671030129
 337.3259368810
 338.0347782151
 339.1531271191
 339.9786077785
 340.2284852757
 340.5554914683
 341.4323836717
 341.7423962831
 342.1655468636
 342.2433327488
 342.6176249467
 343.0093660075
 343.0171832981
 343.2533837937
 343.3641699149
 343.5820583437
 343.6580620694
 343.9309939734
 344.4221114857
 344.4688140844
 344.9377931155
 345.1685398504
 346.0552646602
 346.0881247830
 346.4751257936
 346.6965412232
 346.9305129212
 347.4103858356
 347.4337893727
 348.0655700369
 348.2167112601
 348.5515160327
 349.1384875993
 349.9054670328
 350.3458045346
 352.2585229249
 353.7697931796
 354.4737042026
 355.7788587584
 356.6012811116
 356.7818359772
 357.9012710258
 358.1800496579
 358.5497275808
 359.1701790048
 359.3378516216
 359.4278907263
 361.1659021637
 361.5260311022
 362.0473473627
 362.1382582977
 362.4084448441
 362.5930263850
 362.8244004016
 363.0260964436
 363.3742954644
 363.5711743020
 364.5711853283
 366.3739233661
 368.1247883444
 369.0622226099
 370.2080423302
 371.9883394134
 378.1775183601
 384.5062053989
 387.2126556577
 387.8672457465
 388.9048417397
 389.1647933868
 389.5043770083
 392.8847613085
 394.1719702259
 395.0398346427
 395.6901333971
 396.4513252792
 396.6423735786
 397.0004326135
 397.3984104416
 397.9083915102
 398.4438259339
 398.5733942271
 399.4043245839
 399.8064166487
 400.3442617799
 400.6183013405
 401.4293366970
 402.3629099456
 403.2097650781
 403.4673370479
 404.2745495828
 406.2560014130
 408.2484569276
 408.2746452024
 412.9418268002
 430.8767061531
