61.910712815266
62.302196147051
62.487332836232
62.935733748230
63.073596528440
63.434153088475
94.990002817275
94.994192796841
95.019725047018
95.026189801674
95.029741926580
95.045663343815
132.06903929510
132.14095677975
132.19156585432
132.29030147489
132.45511744563
132.47251408339
149.41910791672
149.43001628935
149.46040212107
149.46685092206
149.49696385646
149.49921222996
150.92957588274
150.94183269682
151.05971131870
151.07012916425
151.08030116287
151.09868090082
156.48224030459
156.53472236282
156.57027579918
156.59145615769
156.65321357790
156.69310653385
164.50859838511
164.51576432413
164.53309041808
164.54751360643
164.55062513506
164.55793039204
176.93686779575
177.02115591900
177.05207907258
177.06928492018
177.23285846191
177.31667642955
185.33664071453
185.34663916860
185.34986688414
185.35244119386
185.36300958485
185.37204939930
202.12781450327
202.13611958028
202.24038376587
202.24505792142
202.38107047820
202.39206049533
225.44814120887
225.45197551755
225.51358335531
225.51725233112
225.53510803182
225.54586614184
227.54702608924
227.55325168413
227.68814600709
227.71529684629
227.79039208214
227.80683707510
279.97794231139
280.18714202760
289.27787764565
289.28036229258
289.39592160205
289.39883556692
289.40444952465
289.40736459826
300.91786162836
300.92268776206
300.94476934279
300.94620869394
300.99099224358
300.99726979636
306.48520975529
306.49787892880
306.72178374591
306.72561839306
306.72887718118
306.73334492649
311.08075169229
311.09596077017
311.10703807632
311.12469112698
311.1280835943
311.1336503961
319.5758288354 
319.5838568041 
319.6363232386
319.6600660044
319.6833662455 
319.7606521384 
325.9005853785
325.9023076188 
326.0001125098 
326.0094140382 
326.0348298970 
326.0435572470 
332.0530312039
332.1278769590 
332.2587194721 
332.2926055714
332.3632815514 
332.3982679742
333.9010942403
333.9278127618
333.9927740994
334.0081076098 
334.0287920628
334.1698331767
342.3116973028
342.3184373808
342.3497365161
342.3760945499
342.3928248538 
342.3963462814
345.5605804878
345.5655430866
345.6244736961 
345.6572024659
345.6959952862
345.7308548131
351.1881239126 
351.1977284054 
351.2988889048 
351.3124876311 
351.3283057576 
351.3399856102
361.1930408622 
361.2115528762
361.2461694778
361.2554054043
361.2831981194 
361.3030691480
364.4723845753 
364.5059882250
364.5118170366
364.5132487694
364.5168209531 
364.5229355478
373.1751987267
373.1916851078
373.2159479756 
373.2286491422
373.3015269279 
373.3052023297
374.6031291004
374.6170475096
374.6302968201
374.6392418709 
374.6437449743
374.6619666909 
374.8339742481
374.8904960475
374.8923244842
374.8943625759 
374.9160837455 
374.9186380373 
376.8454296797 
376.8687782006 
376.9663570573 
376.9810049542
377.0021401503
377.0247688363
379.0699125128 
379.1591904588 
387.7624508289
387.7947037368
387.8071138774
387.8233811492
387.9102232333
387.9231101006
393.7579434980
393.9224793655 
393.9705541315 
393.9826025611
393.9914885169
394.0131368572 
394.1555785029
394.1916074357 
394.2972903899 
394.3116861914
394.3698527210 
394.4411269902
400.7126637461
401.1630553883 
401.1722417415
401.1785491164
401.2139283060
401.2278301713 
402.7930508454
404.5913567478 
404.6122785897 
404.6548969659 
404.6702814889
404.7088963983
404.7574282630
404.7994163489 
404.8160069929 
404.8377734151 
404.8615069249 
404.8814009508 
407.1719435665
433.7113317062 
433.7498572937 
433.7747350283
433.8387510358
433.9244934368 
434.0913851381 
467.5880920255
