60.240858977317
60.259292515054
61.893443036263
62.696488095600
62.708900147222
62.765046748377
87.147314826720
87.169213191693
94.555245122392
94.587174337888
94.925581746186
95.452183523346
100.42317852065
100.42916524997
130.80608089458
132.35042940483
132.46152862505
132.48317347115
136.12316250239
136.14597751018
148.43585530179
149.31412466844
149.42341955344
149.45501047671
149.54090432393
149.81109665847
149.82536565176
150.80042172824
150.92773573785
151.01808599711
151.80289188300
151.89025626576
155.09095423766
156.62986302381
156.66483198141
156.82290818813
160.35752323460
160.38464296202
162.25866811193
164.25608418498
164.27585943188
164.29946914016
166.42367587627
166.44038154657
176.34729872848
177.36769409956
177.43519494447
177.44400600440
178.97536757488
183.08225678692
183.09501394844
184.82668910647
185.37764217918
185.40242233471
188.16908015482
188.18410000181
198.77280118383
201.87048748911
201.89299455099
202.53592169741
202.99917041884
203.02548760033
219.64865409341
225.17863240748
225.33355112764
225.39045346939
225.87246158727
225.91481761547
226.34050747629
226.93972168196
227.05735565126
227.60314145187
227.98564006492
228.08504354090
271.76211774705
279.98525564789
280.00270445534
288.90915760245
289.20944194611
289.22645380183
289.60872517271
289.95765884706
289.97523670050
300.90104011297
301.06105808507
301.09054846048
301.16729779567
302.00241763949
302.03200174231
306.06513344155
306.61282015583
306.63126529566
306.63719699673
307.46426699249
307.46991672854
310.97691653102
311.0011285593
311.0390986709
311.7929338719
312.1082995164
312.1286757282
319.5970931475
319.5993859494
320.1494415995
320.1570757652
320.7618517063
323.2068897036
325.8566827274
325.8717997203
326.1006473387
327.1104569416
327.1188154562
328.0689630531
331.9256709926
331.9455002372
332.3122305215
332.5765195820
332.5999107815
332.9192655313
333.8744678365
334.6350232956
334.6702847296
335.4114687108
335.4516319415
341.6648096553
342.1351532486
342.3865278898
342.4053244486
342.6031801321
343.6065908876
343.6395748852
345.3921799168
345.4468573497
345.5171284335
347.5914484667
347.6540385011
349.5805665926
351.1174716841
351.1492279258
351.2130273678
354.9377404988
354.9846813734
355.6033431754
360.8212346509
360.8688074934
361.2938962477
361.8853403888
361.9179499232
362.8696014653
364.3341307006
364.3460854336
364.3743016356
365.9995727873
366.0131769558
368.0513841811
372.0635962891
372.3637452827
372.4057454327
372.8809630260
373.5260527091
373.5602836496
374.0818468638
374.1005420579
374.1346100765
374.2339283273
374.5160769212
374.5308645021
374.6020934772
374.6065724470
374.6326656588
375.3047261232
376.0120822693
376.0150381540
376.7834325026
376.9217591212
376.9314598332
377.1899462281
377.9121322762
377.9425245325
379.8445544755
379.8792092675
386.7885740811
386.9273377293
386.9450398694
387.3805760501
387.4003728840
387.8875745348
393.0856188149
393.1280358480
393.1376186403
393.6469573695
393.6534412900
393.7561205528
393.8274584473
393.8498086080
394.0923719710
394.1220053397
394.4024343858
396.3932425336
400.1087906427
400.8558188005
400.8932503212
401.2916748564
401.3940910226
401.4368406812
402.6890082571
404.0022748236
404.4611298110
404.5057832162
404.7050288759
404.7532436785
404.7581124797
404.8032318981
404.8708907271
404.9326723799
405.9328820183
405.9771616423
430.6568573654
434.1731306800
434.1753708863
434.4712812601
434.5706072327
434.5725491467
464.0218201007
654.8710474316
