7.49282149544363
8.67138685642188
58.9602403102877
60.0885196777136
60.1134007934454
62.8035538159813
74.4362441588751
74.5656885643821
85.2390862004701
85.3420453638619
85.3513518621506
94.1479367097525
96.3468492058802
96.3863683976212
97.7812539450732
117.770443350243
117.842703669884
125.984827136092
129.357242575184
129.585972509360
131.811773183311
133.888374029796
133.942309445629
137.505289884991
137.515141051861
144.373992498208
144.401919218687
147.980883191124
148.726913200937
148.744261000656
149.268373602541
149.287706919367
149.924766035601
153.931050293320
153.982784599855
154.761898585522
155.850277052799
155.872427100449
157.758733183096
158.540116629763
158.543444398781
160.400579715657
162.118011250431
165.770824057908
165.791631306340
172.134958423830
172.465923901670
172.486986747080
176.155160187677
176.191083477508
178.787880682731
181.261110679351
181.590960887731
181.609288550566
184.474460361768
184.673346563039
184.759483136493
187.611409859530
196.891984639982
200.379003554807
200.456034239906
202.714503442461
202.785492691734
213.614933999532
213.659071203050
219.384741184128
224.093321089765
224.199409146672
224.268995745669
224.778673727221
225.070958024830
225.128137933389
226.250092599819
226.257209004184
229.141819016143
247.976824737319
271.348171952531
271.421340786424
280.861542083217
280.891737342209
282.763961083672
286.634069039400
286.658806612606
288.316964053166
291.770273429583
293.940788945517
293.959352184086
297.321559684498
297.342568231250
298.737232044927
299.783631298337
299.941043475015
299.957507162251
303.102111681841
303.121083794140
303.126335250091
307.06387441967
307.07620163664
308.48246853601
308.98488741908
308.99544406074
310.53685723190
315.98582410705
317.08435319808
317.09048452401
318.29133655853
320.57127283881
320.59377778984
321.13828290458
323.05234143391
323.06021958678
324.24608122011
325.33567153431
325.34053065618
326.60377904381
328.51465944153
329.74902065922
329.77142094618
331.39961398090
331.80382553140
331.83134341115
333.48420077243
333.52332025065
333.65866144229
334.24136126768
334.32386006121
335.14776183386
338.45707431861
338.47984483344
342.49818986332
343.97668957508
343.98810702830
345.04218605278
345.06416901733
346.37406350286
346.80891882726
346.83838746741
347.72426893652
348.18170775740
348.19226936303
348.60193520055
350.76616493107
351.24450158030
351.29349035539
352.40603566198
356.63338219661
356.66089705483
358.94781406284
360.26271613772
360.30225792564
361.07186685788
362.14398376485
362.15633511969
363.52032715787
363.52862655922
364.32957257378
364.35269270499
365.78297289079
367.15257184543
368.16295691708
368.18853388460
371.79324596654
372.09227748752
372.10345334651
373.07572156808
373.29252634876
373.34809918663
373.73749017869
373.78539640012
374.35218799802
374.38052597224
375.00506828136
375.44951509394
376.86726518920
376.87353052084
376.91756546096
379.54542373117
379.58903202246
383.89829981923
383.91350853384
386.29743627833
388.37589533782
388.39791081525
389.25661878655
389.33676070755
390.60708411971
390.64167328853
391.16187972420
391.24256991924
391.34175619348
392.67072707786
392.80002800064
392.86993124005
393.02158152702
396.64758096630
396.66007585501
396.91024577320
398.51672346066
398.87592986552
399.40962914345
401.50396180694
401.65582806085
401.71069180608
401.96011711649
402.04648126035
402.50999851089
402.52566267553
403.16642339718
404.44032703578
404.89363869986
404.94691542971
406.14262822015
407.21985658647
425.47015681328
425.50625530781
432.29740321526
432.32045056198
434.52336978462
459.23776362439
