61.6442299117556
61.6589027338082
61.9373428057766
61.9523783952765
62.3878173160281
63.2530625013150
91.5565407974869
91.5897286563927
91.6988698452361
95.0403353540751
95.0678831606453
95.2387651047687
127.781982035495
127.801473345720
130.224088662715
131.089120894339
131.120911511104
131.702833715677
143.814271984617
143.843253611558
145.566565497482
145.926173326875
146.888527184587
146.916057246551
148.751371106034
148.903938055986
148.955840082436
149.740244013660
149.804038394897
151.335643904329
153.069988913003
153.092624360669
155.318356965855
155.434213716120
155.465201894591
158.670150931191
160.254538282205
160.273471785613
164.240692993197
164.499372936993
165.215372369388
165.235270490362
173.385953331149
173.396619638653
176.307696601061
176.482717234930
176.648632809484
176.661154946042
178.454969857645
183.345494068245
183.352781587215
184.674633624032
184.675727206801
191.033899939354
197.676983074793
198.693272529669
198.731923614282
201.028469153632
201.091677275445
203.052752297697
219.468883567790
220.569245041253
220.619513224407
223.769486135487
225.367404665362
225.494021089896
225.550582881575
225.681385202888
225.693266978391
227.287915679115
227.378737102832
227.745916857455
278.140670858436
278.160918293247
283.566710438933
285.803846683513
285.814461933168
287.111885591356
288.487127543812
288.508535129783
293.248121466322
297.042775651030
297.050009309465
298.972758244164
299.684462475409
299.708392004429
301.828778383989
301.844785901949
304.001205607034
304.071039183059
306.168771636282
306.176188282134
307.158823625817
310.030762005211
310.044047775572
310.927296386968
310.94510026426
310.95278016461
316.83011133987
316.83351317455
319.35696222727
319.50242809344
319.51100647146
321.16976708914
321.61806924569
325.04821535269
325.05231420990
325.22886616212
326.41982886569
326.42794697420
330.91854519787
331.00076938598
331.37287446324
331.38156650738
331.81813966031
331.83937073590
332.47898854441
332.94053157562
332.97585355020
336.14071648307
336.80827667603
336.81190374321
338.46796183498
339.37420937316
339.38531827196
342.41691063545
342.96054013432
343.98185970840
344.03394248980
344.82949068381
344.87148054958
347.94255301979
347.98727831443
348.10249569938
349.02484793058
349.08009290233
351.73605980771
352.18001367226
352.20851148460
356.28184949015
356.62787273575
356.66105336713
358.23926478387
360.74330175808
360.84314290992
361.67500794831
361.68411796382
362.98395217802
362.99804601349
365.69732237912
365.71305341565
366.86607766034
368.17982461561
368.21733920357
368.22188368205
369.69475592540
369.70311144564
370.91718421857
371.28332386421
371.30458058290
371.78980535217
372.47695560487
372.76539891446
372.77869775968
372.92255109997
373.08567519415
373.10167765113
374.06532217304
374.78364972013
374.78561704353
375.68460790595
377.13751308644
377.18280441087
378.23037891034
378.76334656950
378.78046990344
385.87007130888
385.88406396033
385.95774231098
387.73510257883
387.75240536838
389.35833778944
390.99416956652
391.62419315198
391.64523677549
393.52495647625
393.53244775858
393.65605862878
393.67647382058
393.95419554285
393.98930348597
395.07527664748
395.09982333165
398.68222108804
398.70182197100
399.76871059626
399.97946054312
400.84279320954
400.84948357647
401.19541067793
402.27594447084
402.32594146551
402.34376517845
403.14180223388
403.51463727531
403.55540729991
404.02939209137
404.07612709965
404.16315173631
404.92914929318
407.16163773885
407.19762700723
432.97636221882
432.98344585500
433.24729013780
433.25038815051
433.65992914579
435.97963134250
463.58452208431
