60.7474566655207
60.9495924176318
60.9963688919888
61.5386213795252
61.8534270279923
63.0007724882776
88.4293282942437
88.8716642819436
90.8947058685287
93.7491429743557
94.5823834893274
95.2879530487613
123.535577353999
124.981899445318
126.827503876625
128.358857899849
128.554723830721
129.600974453401
140.674372519552
141.505816641445
142.745074134179
143.540555463071
145.451762007414
145.549400115230
145.959403802953
146.506886007595
146.749428247041
147.077222312621
148.462256422704
149.245633445608
150.052349189191
150.605673279540
153.401465635482
154.304620025966
155.241439821994
155.611933189813
157.367556458669
161.396936757093
161.503844976008
162.207981174544
163.804827006064
164.496633099033
169.957134532794
170.842652639440
172.402964490843
174.473259320223
175.199666550901
176.020105503418
177.439734497202
181.314196801565
182.397648673027
182.812265607043
183.866811767617
189.712924036572
194.646782650000
194.709306000341
197.338078018261
198.211663038149
200.647987595228
201.347940736376
214.807701905404
215.782207506276
218.833584694620
220.458776368819
222.756894382364
224.132811013214
224.281716061421
224.397071450056
225.650284410443
225.803512468851
226.497239391041
227.457462251190
254.382886176208
276.896034344857
278.193616205487
280.808720565514
283.259075943520
285.534434874485
285.673297049247
288.041592751197
289.701573849984
292.426628827428
293.873713261624
295.800348743195
296.142760551020
298.040835489263
299.286041816059
299.356164041205
301.433433556473
302.491022893502
303.993703432156
304.428584809929
306.637079523686
306.750694230178
308.774706048681
309.006808581813
310.24881401817
313.60185616466
313.61266797284
316.42697618296
316.95437603612
318.15511710932
318.54116996528
320.08572318797
320.62885359541
323.57801746283
324.05062386485
324.91783878764
324.93860023866
325.45176207377
328.55418636851
329.50374931412
330.06784333370
330.24728194381
330.56682913618
330.78840812824
331.82791470892
332.85820793191
333.17680744374
334.03529744386
335.95105392812
336.52980672470
337.24519044644
337.60645126419
338.46249552595
340.18889456956
342.21856883139
342.33108612923
344.25039545801
346.13263561082
346.22444547261
346.34693499393
347.48554113493
347.80711848097
349.45760325576
350.04368958802
350.53895625346
351.64404211582
352.83856663978
353.25813159172
355.53138632108
356.59519786028
357.81758236400
358.14438332542
359.37605927485
359.38471664528
360.11866279948
362.61562706507
363.96667445895
364.22420195742
365.22430107011
365.31647479787
366.38804793081
367.28471519586
367.52665609478
367.77695005527
368.01549257463
368.19831505858
368.63835462792
368.74570498583
369.88010907337
370.14716700539
370.63244381140
371.07004582664
371.43860128919
372.07782120417
372.57638569837
373.22094076979
375.02213550788
376.05249545760
376.08564209644
377.09181358640
377.20232763580
377.94131557232
383.57830114230
384.96615092975
385.19174900076
386.41798650403
387.57209796457
388.32155423802
389.41295391356
390.16116651705
390.64269471880
390.97815416094
391.96872717654
392.67536014158
393.41722917983
393.46313368563
394.27472180540
395.03477796453
396.40371875993
397.01351356233
398.44660485905
398.88551351406
399.95606827756
400.40506622974
400.61078860065
400.62876061574
401.65228498231
402.03739075168
402.15180044129
402.62836045437
403.05188516683
403.40595869151
404.35179971900
404.85092889895
406.13609871175
406.58397680129
407.60868621933
428.98006224119
431.34448686965
431.55633364086
432.61784772549
434.07905803738
438.33169362631
462.30881457957
