60.712845106910
60.989937412010
61.215415027311
61.345466648868
62.029595510963
64.097432228242
87.354305683347
87.955525589408
87.974719525435
95.317236884868
95.340552024711
95.392675563805
126.05551590000
126.08592968292
130.05886981384
130.24571601259
130.34235653268
133.09910426266
139.74657494473
139.77482393411
140.06492132461
144.79877369017
144.86386712665
145.51172995914
146.95510801144
146.98290645912
148.21162284053
149.41628405233
149.44631973836
150.07723741233
150.07813731721
152.14970457308
153.14911521225
154.27959184946
154.35273070971
157.65480940410
157.66982152652
159.97945869392
163.53372616301
164.89901011198
167.13120874024
167.14601437946
171.58616135995
171.65218407182
175.26978386666
175.78587731109
175.82432630499
177.98124838981
181.62762274076
181.63405939087
184.28884912450
184.29372375114
184.78577999609
193.33715974501
196.60141516715
196.69409235839
199.83616019355
200.19331396853
200.30051341644
205.22865943540
220.30836489382
220.35928039097
223.50300562812
224.39135776495
224.51059203861
225.01367381393
225.04316293656
226.03224110912
226.07585016469
228.32097764167
228.71893873282
228.75529584583
271.95705693820
272.02506264628
273.52494238336
279.07025681458
279.07378253476
284.80275234174
285.40779484284
285.42162245167
288.73567476930
292.44379844192
292.47215138654
294.55360223577
296.51679532765
296.59214545994
296.78221236543
300.01245901259
300.02554376254
303.03295516076
303.78582860093
303.82852837327
307.12675165125
307.14237681438
307.21022705147
309.96662895344
309.9849045289
311.0784794084
315.4125422058
315.4131693040
317.6236372414
318.4581142252
318.4857604075
319.3311827789
321.6319684719
322.5774283914
322.9512617579
322.9665971346
322.9945717162
323.0049330087
323.2812476444
325.6026853483
325.6408987560
329.8028734294
329.8234953658
331.1537619122
331.1977821132
331.2281956827
331.5725321415
332.0507249253
332.0746157762
333.2191716238
336.7757011722
337.3129314399
337.3248858351
338.1658684729
338.2420766772
341.3791468469
341.9717048156
342.0665074212
342.1034552429
346.1890924684
346.2179548581
346.8982140793
347.8436729390
347.8930175538
350.4256490337
352.1422902584
352.1814155218
353.4768421371
354.3481712972
355.2335383574
355.2372145719
359.9244582395
360.4617329816
360.5106711227
360.9392421836
362.1377943930
362.1487478837
363.5971449358
364.4458983816
365.1781490608
365.1799112457
366.6369790555
366.6672907384
368.2539475906
369.0139855771
369.1114270946
369.2620685155
369.2749267518
369.4607082135
369.9900995524
370.0385020793
370.4374491235
371.5225981153
371.5403101138
371.9777237868
372.2436522371
372.2511910546
373.2372707586
373.3767138763
375.9709755660
376.0206571960
377.0130354595
382.4999234544
382.5493922306
385.5735649237
387.1255939017
387.1912068740
388.4412076223
390.5492311560
390.6072073945
390.6316564017
392.2731952469
392.3269192050
393.4036406590
393.4323322773
393.5808260440
394.2280569259
395.3578228856
395.3852310276
396.3646319683
396.3865047113
398.8773497693
399.5655471212
399.6831554020
400.1874747446
400.7672159293
400.8200944220
401.6793377551
402.2522645100
402.2941114383
402.8362071770
403.5336530850
404.4371601096
404.4630762149
405.1644781810
410.7997233344
410.8293007384
421.4694968394
430.5212917377
430.6356516805
432.5234962581
432.5481496475
432.6890659123
461.9782080497
