6.94942875644455
11.0504703183805
18.8446376718529
28.8088334825361
37.6049632405827
42.9124161644677
47.7665078068067
48.3099625668129
48.4119139560005
48.9168517801108
50.4621518682162
52.7256215599163
54.4522258949038
56.1517038694682
57.7608852476401
65.3119529324579
68.2852062021471
69.7573207033694
69.8114648093674
69.8437573532255
69.8674802699349
69.9414117457352
69.9828253948398
91.9865570487961
100.194580650276
100.225857932780
100.309071135947
100.445441553732
100.489856521562
100.565903683292
105.006003079189
105.050636776286
105.079842196686
105.163457966274
105.211127754280
105.286856853279
109.927540217599
110.846579973408
110.856336422599
110.910208374414
110.936938563030
110.987429814004
111.035932508335
113.019492419627
118.702192291483
118.743807635871
118.786154358333
118.808548263531
118.904201988980
118.913357957034
120.672561126262
120.806219068603
120.874210154528
121.016515627701
121.114397956434
121.167383578269
125.510283976732
125.592584330831
125.812684216583
125.910356798296
126.015367124299
126.144294195950
130.069471815549
134.834418939816
134.919687754444
134.999795576542
135.114191504400
135.159670496442
135.246065504240
138.455439641576
138.503453882945
138.540021142495
138.608514249841
138.723075682078
138.734398415053
141.555318086231
149.304487795711
149.489622176564
149.511042575360
149.575152474821
149.621160559094
149.660928798121
150.923661545974
155.004695893213
155.132268576373
155.211682999454
155.333884776660
155.381212196163
155.432369946576
164.807388171773
164.830483379681
165.319002875082
171.505778584527
171.578008048709
171.579781200103
171.590257307655
 171.62019091494
 171.69284789194
 180.13103626244
 180.15237263796
 180.19555293457
 180.21312959316
 180.29086233076
 180.32215874912
 185.35722377628
 185.36956308289
 185.41941637824
 185.43651971062
 185.46633465076
 185.51795987887
 190.37913055491
 190.44184550192
 190.46373993406
 190.51919888920
 190.63584259596
 190.78614882365
 192.44135560793
 196.04266447244
 196.09546170028
 196.14229965876
 196.19581184290
 196.44014331448
 196.50758024575
 200.85008521724
 200.88266311634
 200.94119680932
 200.99922820575
 201.06970966683
 201.10874421897
 204.41999188225
 204.48865750267
 204.51278343815
 204.55817992196
 204.62136586610
 204.73481170555
 206.44747633818
 206.49929487532
 206.53652006130
 206.81240717119
 206.86189819902
 206.99083258337
 207.74006599762
 211.54923486563
 211.60460692407
 211.64466167535
 211.69866749990
 211.70766877245
 211.80745834849
 212.02911199190
 212.09888243169
 212.12141809007
 212.15091305552
 212.24455332370
 212.27094012692
 216.94471882876
 216.99667824718
 217.02104373378
 217.08415332156
 217.11443173549
 217.13999027092
 220.35857726021
 223.68132506290
 223.82350872080
 223.90641810198
 223.92382380677
 224.10760151337
 224.25460208940
 235.97638802694
 237.80158499223
 261.26304466649
 274.12627347814
 279.02100717418
 279.14065285351
 279.14927134580
 279.27409385664
 279.43912692569
 279.56256810735
 281.25101489422
 281.33816410727
 281.39592024844
 281.55528681043
 281.73736305886
 281.78395933962
 282.70043363221
 282.70587749310
 283.90234658707
 283.93687669494
 283.95410756685
 283.99795256115
 284.02195538079
 284.04630006478
 284.13417045815
 284.20427278706
 284.26702334542
 284.33880603697
 284.37187347788
 284.44343724169
 288.33061476811
 291.15628604754
 291.22499293850
 291.34412056333
 291.53663628205
 291.67612050859
 291.76355689645
 294.72204372904
 294.73562772402
 294.82578159318
 294.94036964156
 295.01121308458
 295.08115132542
 295.25709643246
 295.26342542326
 295.40156979074
 295.43082203043
 295.55886044608
 295.75270713740
 295.81298212748
 295.88798355749
 295.93353368300
 296.13745273902
 296.26938844572
 296.43010783276
 299.68897932029
 299.84924107795
 300.11326249630
 300.13234753475
 300.32831771045
 300.34369105024
 303.68846863833
 303.73998692961
 303.79360431734
 303.92294199846
 303.95789798988
 304.07919391339
 309.30711606766
 309.34459298031
 309.38068499481
 309.45112834752
 309.50073243691
 309.50214077005
 311.18075556142
 316.48293394518
 317.98356984329
 324.61852289904
 333.30299341417
 333.38637133499
 333.42044698959
 333.48133690149
 333.55760809959
 333.57893160935
 350.87897163306
 368.52353099168
 386.26831370740
 391.46956672314
 409.76676412811
 426.45796659977
 431.07126842626
 435.38009361975
 446.51454402990
 448.48909741480
 463.44021030063
 463.93114243527
 500.06486718672
 560.35016090781
 588.58604042570
 603.20430484755
 620.25175426680
 621.67524683019
 655.34828580587
 669.89204871588
 680.02264182010
 701.05867552494
 709.17676124936
 752.94517621702
 798.11973253069
 828.52182397708
 914.54291448801
 975.57199643759
 1026.5302234061
 1117.8364619484
 1157.8815672009
 1185.3068564538
 1187.5314677356
 1224.5220739520
 1268.1148750084
 1288.2650659555
 1363.1649597640
 1369.7241574486
 1403.4164369840
 1417.3532887806
 1428.4306670039
 1465.4208097035
 1507.0585454201
 1516.6948668987
 1602.1394427778
 1619.2006295650
 2187.3888757846
 2187.7705592431
 2213.6504306744
 2216.5003972791
