8.640035064108
11.77008263979
19.68291236073
30.57684529354
36.70593332641
41.58415646566
43.09625817962
43.63866427421
44.17055842708
44.41351723718
46.62236449278
50.85836263964
56.39220193800
57.35621898989
60.79341343822
61.32232758223
61.64211461575
61.87150037128
63.95291762449
63.98488514388
64.24601013234
67.14560867480
69.44412255964
87.15069706453
87.37324249739
87.52616876211
90.34459681589
90.52885578711
90.83638659158
92.15557035297
92.74684600149
92.97695586289
93.33951624580
94.00341650083
94.08300266742
94.48295797241
94.84729592192
94.94433564709
95.78631541353
95.84210882993
96.41144544545
97.56900821481
101.4369240840
101.6401829799
101.9696587946
102.1457959254
102.2880532548
104.4199201503
104.5878283252
105.5905809073
106.3732884772
106.4295768429
106.4460153452
108.1876940419
108.4619577976
108.5111643436
108.7559300358
108.8172380855
109.5620810645
110.8486496762
111.8057993700
113.0684870144
114.2664363173
114.4020131809
115.0609289138
115.1120720311
116.0161204176
119.1318925014
119.8542065210
119.9948539852
121.4012568548
121.4702311447
121.8920873352
122.1627596739
124.8915681829
125.4819598597
125.5261579910
126.5729473936
127.4978153373
127.5626954869
127.7238636355
128.5459893613
129.9913963377
130.0900547191
130.4039949768
130.6131743542
130.7277740336
141.6632633036
151.3081825850
165.1639604692
169.1299408189
169.1862494401
175.2841131911
175.6877229653
175.7449305372
176.2687758066
 177.497974083
 177.533179040
 181.925131677
 185.230262465
 185.293131865
 186.384076897
 187.537003386
 187.588222095
 188.820642814
 188.870109749
 191.041816388
 191.119578686
 191.670256280
 192.834139669
 192.917394661
 193.856739658
 195.736552241
 195.786623077
 195.907529777
 196.061159539
 196.655867348
 201.294881230
 201.378689940
 202.039920648
 203.872044260
 204.220988741
 204.413057354
 206.190572432
 207.261442908
 207.367676807
 207.721246925
 207.826865490
 207.984748742
 208.133769574
 210.573302450
 211.183882010
 211.477782010
 211.784107751
 212.202951305
 212.433018623
 212.848805909
 212.974467110
 213.293024414
 213.476050462
 213.815223793
 214.056293484
 214.103540798
 214.397049387
 214.431122892
 215.745793750
 215.776204503
 216.715989186
 217.183027312
 217.291287872
 217.434330806
 218.944275874
 219.055650569
 219.464327334
 220.220518895
 220.361305294
 220.534677911
 221.662298605
 221.837982366
 221.922090424
 222.245868686
 222.534204042
 222.550166240
 226.107626402
 233.512797406
 233.611556880
 233.742084433
 233.864394619
 233.955739114
 235.021081550
 235.402813517
 236.039862456
 237.324799151
 237.485791586
 238.044903723
 238.084951053
 239.089663284
 239.389329879
 239.712172019
 239.777572544
 241.214328145
 241.292677053
 241.528543558
 241.575182838
 241.709776948
 241.937577066
 243.411872702
 243.581964852
 245.271281671
 245.294656119
 245.473729630
 245.956062589
 246.267498521
 250.699144482
 250.856020587
 251.572355959
 251.882079521
 251.993176147
 252.883268612
 254.892299071
 255.018825101
 255.052753200
 255.880409743
 255.893606393
 256.278505677
 256.631269992
 256.856552085
 257.041563675
 257.300028083
 257.553049126
 257.601998240
 257.704822557
 258.074929038
 258.141625579
 258.226962829
 258.603801998
 259.041759324
 259.345228760
 260.174519848
 260.314157902
 260.370055708
 260.633428321
 260.869648977
 260.940049609
 260.983156108
 261.177869845
 261.324674163
 261.779082600
 261.827299662
 262.658003598
 263.926628424
 263.979439011
 264.498032214
 264.874151823
 265.955434234
 274.276860133
 285.142211461
 285.265861006
 285.335508092
 285.776364945
 285.893081121
 286.089791461
 288.041971624
 303.590259234
 311.030630218
 316.555916747
 317.642189677
 324.691345932
 368.530134588
 385.655233349
 391.432933432
 411.610046909
 428.251715795
 431.381087927
 435.382250338
 447.006676056
 448.063401704
 464.152614152
 464.964940202
 500.112135188
 559.227387765
 586.957385866
 603.297065078
 620.878945238
 622.253666597
 655.484319752
 669.563780273
 679.717852499
 700.872754823
 709.623256765
 752.682417479
 797.742902926
 828.128330383
 913.880662014
 975.115936132
 1025.70041733
 1116.13114915
 1157.39151593
 1185.68878146
 1188.15285115
 1223.33329556
 1267.62913852
 1287.67218650
 1362.77021587
 1367.92380133
 1402.31191377
 1417.40221814
 1425.86415364
 1464.52110591
 1503.35965530
 1516.08829675
 1601.32863931
 1618.63078962
 2185.25242948
 2185.31179544
 2211.88760988
 2214.64898578
